return {
    fps = 24,
    rigs = {
        ["Rig2"] = {
            [1] = {-1.84713,3.62697,9.19207, 1,0,0, 0,1,0, 0,0,1},
            [4] = {-1.84713,3.62697,9.19207, 1,0,0, 0,1,0, 0,0,1},
            [6] = {-1.84713,3.23146,7.70323, 1,0,0, 0,0.868163,0.496279, 0,-0.496279,0.868163},
            [10] = {-1.84713,8.58834,4.64101, 1,0,0, 0,0.868163,0.496279, 0,-0.496279,0.868163},
            [14] = {-1.84713,6.35622,0.736257, 1,0,0, 0,0.868163,0.496279, 0,-0.496279,0.868163},
        },
        ["Rig1"] = {
            [1] = {-2.61743,3.62697,-9.80045, -0.993927,0,0.110043, 0,1,0, -0.110043,0,-0.993927},
            [12] = {-2.61743,3.62697,-9.80045, -0.993927,0,0.110043, 0,1,0, -0.110043,0,-0.993927},
            [14] = {-2.61743,3.62697,-9.80045, -0.993927,0,0.110043, 0,1,0, -0.110043,0,-0.993927},
            [16] = {-2.61743,3.62697,-9.80045, -0.993927,0,0.110043, 0,1,0, -0.110043,0,-0.993927},
        },
    },
}