return {
    fps = 12,
    rigs = {
        ["Stuntman"] = {
            [1] = {-40,4.847,-40, -1,0,0, 0,1,0, 0,0,-1},
            [2] = {-40,4.847,-40, -1,0,0, 0,1,0, 0,0,-1},
            [3] = {-40,4.847,-40, -1,0,0, 0,1,0, 0,0,-1},
            [4] = {-40,4.847,-40, -1,0,0, 0,1,0, 0,0,-1},
            [5] = {-40,4.847,-40, -1,0,0, 0,1,0, 0,0,-1},
            [6] = {-40,4.847,-40, -1,0,0, 0,1,0, 0,0,-1},
            [7] = {-40,4.847,-40, -1,0,0, 0,1,0, 0,0,-1},
            [8] = {-40,4.847,-40, -1,0,0, 0,1,0, 0,0,-1},
            [9] = {-40,4.847,-40, -1,0,0, 0,1,0, 0,0,-1},
            [10] = {-40,4.847,-40, -1,0,0, 0,1,0, 0,0,-1},
            [11] = {-40,4.847,-40, -1,0,0, 0,1,0, 0,0,-1},
            [12] = {-40,4.847,-40, -1,0,0, 0,1,0, 0,0,-1},
            [13] = {-40,4.847,-40, -1,0,0, 0,1,0, 0,0,-1},
            [14] = {-40,4.347,-40, -1,0,0, 0,1,0, 0,0,-1},
            [15] = {-40,6.847,-40.4, -1,0,-0, 0,-4.37114e-08,-1, 0,-1,4.37114e-08},
            [16] = {-40,8.047,-40.8, -1,0,0, 0,-1,8.74228e-08, 0,8.74228e-08,1},
            [17] = {-40,6.847,-41.2, -1,0,0, 0,1.19249e-08,1, 0,1,-1.19249e-08},
            [18] = {-40,4.447,-41.6, -1,0,0, 0,1,-1.74846e-07, 0,-1.74846e-07,-1},
            [19] = {-40,4.847,-41.6, -1,0,0, 0,1,0, 0,0,-1},
            [20] = {-40,4.847,-41.7, -1,0,0, 0,0.965926,-0.258819, 0,-0.258819,-0.965926},
            [21] = {-40,4.047,-42.2, -1,0,0, 0,0.642788,-0.766044, 0,-0.766044,-0.642788},
            [22] = {-40,2.747,-42.9, -1,0,0, 0,0.173648,-0.984808, 0,-0.984808,-0.173648},
            [23] = {-40,2.347,-43.4, -1,0,-0, 0,-4.37114e-08,-1, 0,-1,4.37114e-08},
            [24] = {-40,2.347,-43.4, -1,0,-0, 0,-4.37114e-08,-1, 0,-1,4.37114e-08},
            [25] = {-40,2.347,-43.4, -1,0,-0, 0,-4.37114e-08,-1, 0,-1,4.37114e-08},
            [26] = {-40,2.347,-43.4, -1,0,-0, 0,-4.37114e-08,-1, 0,-1,4.37114e-08},
            [27] = {-40,2.347,-43.4, -1,0,-0, 0,-4.37114e-08,-1, 0,-1,4.37114e-08},
            [28] = {-40,2.347,-43.4, -1,0,-0, 0,-4.37114e-08,-1, 0,-1,4.37114e-08},
            [29] = {-40,2.347,-43.4, -1,0,-0, 0,-4.37114e-08,-1, 0,-1,4.37114e-08},
            [30] = {-40,2.347,-43.4, -1,0,-0, 0,-4.37114e-08,-1, 0,-1,4.37114e-08},
        },
    },
    easings = {
        ["Stuntman"] = {
            [14] = "EaseOut",
            [15] = "EaseOut",
            [16] = "EaseOut",
            [17] = "EaseOut",
            [18] = "EaseOut",
            [19] = "EaseOut",
            [20] = "EaseOut",
            [21] = "EaseOut",
            [22] = "EaseOut",
            [23] = "EaseOut",
            [24] = "EaseOut",
            [25] = "EaseOut",
            [26] = "EaseOut",
            [27] = "EaseOut",
            [28] = "EaseOut",
            [29] = "EaseOut",
            [30] = "EaseOut",
        },
    },
}