return {
    fps = 24,
    rigs = {
        ["Stuntman"] = {
            [1] = {-40,4.847,-40, -1,0,0, 0,1,0, 0,0,-1},
            [2] = {-40,4.847,-40, -1,0,0, 0,1,0, 0,0,-1},
            [3] = {-40,4.847,-40, -1,0,0, 0,1,0, 0,0,-1},
            [4] = {-40,4.847,-40, -1,0,0, 0,1,0, 0,0,-1},
            [5] = {-40,4.847,-40, -1,0,0, 0,1,0, 0,0,-1},
            [6] = {-40,4.847,-40, -1,0,0, 0,1,0, 0,0,-1},
            [7] = {-40,4.847,-40, -1,0,0, 0,1,0, 0,0,-1},
            [8] = {-40,4.847,-40, -1,0,0, 0,1,0, 0,0,-1},
            [9] = {-40,4.847,-40, -1,0,0, 0,1,0, 0,0,-1},
            [10] = {-40,4.847,-40, -1,0,0, 0,1,0, 0,0,-1},
            [11] = {-40,4.847,-40, -1,0,0, 0,1,0, 0,0,-1},
            [12] = {-40,4.847,-40, -1,0,0, 0,1,0, 0,0,-1},
            [13] = {-40,4.847,-40, -1,0,0, 0,1,0, 0,0,-1},
            [14] = {-40,4.347,-40, -1,0,0, 0,1,0, 0,0,-1},
            [15] = {-40,5.20785,-40.1, -1,0,0, 0,0.92388,-0.382683, 0,-0.382683,-0.92388},
            [16] = {-40,5.93947,-40.2, -1,0,0, 0,0.707107,-0.707107, 0,-0.707107,-0.707107},
            [17] = {-40,6.61372,-40.3, -1,0,0, 0,0.382683,-0.92388, 0,-0.92388,-0.382683},
            [18] = {-40,7.20472,-40.4, -1,0,-0, 0,-4.37114e-08,-1, 0,-1,4.37114e-08},
            [19] = {-40,7.68973,-40.5, -1,0,-0, 0,-0.382683,-0.92388, 0,-0.92388,0.382683},
            [20] = {-40,8.05013,-40.6, -1,0,-0, 0,-0.707107,-0.707107, 0,-0.707107,0.707107},
            [21] = {-40,8.27206,-40.7, -1,0,-0, 0,-0.92388,-0.382683, 0,-0.382683,0.92388},
            [22] = {-40,8.347,-40.8, -1,0,0, 0,-1,8.74228e-08, 0,8.74228e-08,1},
            [23] = {-40,8.27206,-40.9, -1,0,0, 0,-0.92388,0.382683, 0,0.382683,0.92388},
            [24] = {-40,8.05013,-41, -1,0,0, 0,-0.707107,0.707107, 0,0.707107,0.707107},
            [25] = {-40,7.68973,-41.1, -1,0,0, 0,-0.382684,0.92388, 0,0.92388,0.382684},
            [26] = {-40,7.20472,-41.2, -1,0,0, 0,1.19249e-08,1, 0,1,-1.19249e-08},
            [27] = {-40,6.61372,-41.3, -1,0,0, 0,0.382684,0.923879, 0,0.923879,-0.382684},
            [28] = {-40,5.93947,-41.4, -1,0,0, 0,0.707107,0.707107, 0,0.707107,-0.707107},
            [29] = {-40,5.20785,-41.5, -1,0,0, 0,0.92388,0.382683, 0,0.382683,-0.92388},
            [30] = {-40,4.447,-41.6, -1,0,0, 0,1,-1.74846e-07, 0,-1.74846e-07,-1},
            [31] = {-40,4.847,-41.6, -1,0,0, 0,1,0, 0,0,-1},
            [32] = {-40,4.847,-41.65, -1,0,0, 0,0.990268,-0.139173, 0,-0.139173,-0.990268},
            [33] = {-40,4.647,-41.8, -1,0,0, 0,0.939693,-0.34202, 0,-0.34202,-0.939693},
            [34] = {-40,4.347,-42, -1,0,0, 0,0.829038,-0.559193, 0,-0.559193,-0.829038},
            [35] = {-40,3.947,-42.3, -1,0,0, 0,0.669131,-0.743145, 0,-0.743145,-0.669131},
            [36] = {-40,3.447,-42.6, -1,0,0, 0,0.469472,-0.882948, 0,-0.882948,-0.469472},
            [37] = {-40,2.947,-42.9, -1,0,0, 0,0.275637,-0.961262, 0,-0.961262,-0.275637},
            [38] = {-40,2.547,-43.2, -1,0,0, 0,0.104528,-0.994522, 0,-0.994522,-0.104528},
            [39] = {-40,2.347,-43.4, -1,0,-0, 0,-4.37114e-08,-1, 0,-1,4.37114e-08},
            [40] = {-40,2.347,-43.4, -1,0,-0, 0,-4.37114e-08,-1, 0,-1,4.37114e-08},
            [41] = {-40,2.347,-43.4, -1,0,-0, 0,-4.37114e-08,-1, 0,-1,4.37114e-08},
            [42] = {-40,2.347,-43.4, -1,0,-0, 0,-4.37114e-08,-1, 0,-1,4.37114e-08},
            [43] = {-40,2.347,-43.4, -1,0,-0, 0,-4.37114e-08,-1, 0,-1,4.37114e-08},
            [44] = {-40,2.347,-43.4, -1,0,-0, 0,-4.37114e-08,-1, 0,-1,4.37114e-08},
            [45] = {-40,2.347,-43.4, -1,0,-0, 0,-4.37114e-08,-1, 0,-1,4.37114e-08},
        },
    },
    easings = {
        ["Stuntman"] = {
        },
    },
}