return {
    fps = 24,
    rigs = {
        ["Stuntman"] = {
            [1] = {-40,4.847,-40, -1,0,0, 0,1,0, 0,0,-1},
            [2] = {-40,4.847,-40, -1,0,0, 0,1,0, 0,0,-1},
            [3] = {-40,4.847,-40, -1,0,0, 0,1,0, 0,0,-1},
            [4] = {-40,4.847,-40, -1,0,0, 0,1,0, 0,0,-1},
            [5] = {-40,4.847,-40, -1,0,0, 0,1,0, 0,0,-1},
            [6] = {-40,4.847,-40, -1,0,0, 0,1,0, 0,0,-1},
            [7] = {-40,4.847,-40, -1,0,0, 0,1,0, 0,0,-1},
            [8] = {-40,4.847,-40, -1,0,0, 0,1,0, 0,0,-1},
            [9] = {-40,4.847,-40, -1,0,0, 0,1,0, 0,0,-1},
            [10] = {-40,4.847,-40, -1,0,0, 0,1,0, 0,0,-1},
            [11] = {-40,4.847,-40, -1,0,0, 0,1,0, 0,0,-1},
            [12] = {-40,4.847,-40, -1,0,0, 0,1,0, 0,0,-1},
            [13] = {-40,4.847,-40, -1,0,0, 0,1,0, 0,0,-1},
            [14] = {-40,4.347,-40, -1,0,0, 0,1,0, 0,0,-1},
            [15] = {-40,4.82927,-40.05, -1,0,0, 0,0.980785,-0.19509, 0,-0.19509,-0.980785},
            [16] = {-40,5.20785,-40.1, -1,0,0, 0,0.92388,-0.382683, 0,-0.382683,-0.92388},
            [17] = {-40,5.57911,-40.15, -1,0,0, 0,0.83147,-0.55557, 0,-0.55557,-0.83147},
            [18] = {-40,5.93947,-40.2, -1,0,0, 0,0.707107,-0.707107, 0,-0.707107,-0.707107},
            [19] = {-40,6.28545,-40.25, -1,0,0, 0,0.55557,-0.83147, 0,-0.83147,-0.55557},
            [20] = {-40,6.61372,-40.3, -1,0,0, 0,0.382683,-0.92388, 0,-0.92388,-0.382683},
            [21] = {-40,6.92113,-40.35, -1,0,0, 0,0.19509,-0.980785, 0,-0.980785,-0.19509},
            [22] = {-40,7.20472,-40.4, -1,0,-0, 0,-4.37114e-08,-1, 0,-1,4.37114e-08},
            [23] = {-40,7.46174,-40.45, -1,0,-0, 0,-0.19509,-0.980785, 0,-0.980785,0.19509},
            [24] = {-40,7.68973,-40.5, -1,0,-0, 0,-0.382683,-0.92388, 0,-0.92388,0.382683},
            [25] = {-40,7.88649,-40.55, -1,0,-0, 0,-0.55557,-0.83147, 0,-0.83147,0.55557},
            [26] = {-40,8.05013,-40.6, -1,0,-0, 0,-0.707107,-0.707107, 0,-0.707107,0.707107},
            [27] = {-40,8.17907,-40.65, -1,0,-0, 0,-0.83147,-0.55557, 0,-0.55557,0.83147},
            [28] = {-40,8.27206,-40.7, -1,0,-0, 0,-0.92388,-0.382683, 0,-0.382683,0.92388},
            [29] = {-40,8.32822,-40.75, -1,0,-0, 0,-0.980785,-0.19509, 0,-0.19509,0.980785},
            [30] = {-40,8.347,-40.8, -1,0,0, 0,-1,8.74228e-08, 0,8.74228e-08,1},
            [31] = {-40,8.32822,-40.85, -1,0,0, 0,-0.980785,0.19509, 0,0.19509,0.980785},
            [32] = {-40,8.27206,-40.9, -1,0,0, 0,-0.92388,0.382683, 0,0.382683,0.92388},
            [33] = {-40,8.17907,-40.95, -1,0,0, 0,-0.83147,0.55557, 0,0.55557,0.83147},
            [34] = {-40,8.05013,-41, -1,0,0, 0,-0.707107,0.707107, 0,0.707107,0.707107},
            [35] = {-40,7.88649,-41.05, -1,0,0, 0,-0.55557,0.831469, 0,0.831469,0.55557},
            [36] = {-40,7.68973,-41.1, -1,0,0, 0,-0.382684,0.92388, 0,0.92388,0.382684},
            [37] = {-40,7.46174,-41.15, -1,0,0, 0,-0.19509,0.980785, 0,0.980785,0.19509},
            [38] = {-40,7.20472,-41.2, -1,0,0, 0,1.19249e-08,1, 0,1,-1.19249e-08},
            [39] = {-40,6.92113,-41.25, -1,0,0, 0,0.19509,0.980785, 0,0.980785,-0.19509},
            [40] = {-40,6.61372,-41.3, -1,0,0, 0,0.382684,0.923879, 0,0.923879,-0.382684},
            [41] = {-40,6.28545,-41.35, -1,0,0, 0,0.55557,0.83147, 0,0.83147,-0.55557},
            [42] = {-40,5.93947,-41.4, -1,0,0, 0,0.707107,0.707107, 0,0.707107,-0.707107},
            [43] = {-40,5.57911,-41.45, -1,0,0, 0,0.83147,0.55557, 0,0.55557,-0.83147},
            [44] = {-40,5.20785,-41.5, -1,0,0, 0,0.92388,0.382683, 0,0.382683,-0.92388},
            [45] = {-40,4.82927,-41.55, -1,0,0, 0,0.980785,0.19509, 0,0.19509,-0.980785},
            [46] = {-40,4.447,-41.6, -1,0,0, 0,1,-1.74846e-07, 0,-1.74846e-07,-1},
            [47] = {-40,4.847,-41.6, -1,0,0, 0,1,0, 0,0,-1},
            [48] = {-40,4.83723,-41.7125, -1,0,0, 0,0.988171,-0.153357, 0,-0.153357,-0.988171},
            [49] = {-40,4.80794,-41.825, -1,0,0, 0,0.953411,-0.301673, 0,-0.301673,-0.953411},
            [50] = {-40,4.75911,-41.9375, -1,0,0, 0,0.897831,-0.440341, 0,-0.440341,-0.897831},
            [51] = {-40,4.69075,-42.05, -1,0,0, 0,0.824704,-0.565565, 0,-0.565565,-0.824704},
            [52] = {-40,4.60286,-42.1625, -1,0,0, 0,0.738153,-0.674634, 0,-0.674634,-0.738153},
            [53] = {-40,4.49544,-42.275, -1,0,0, 0,0.64277,-0.766059, 0,-0.766059,-0.64277},
            [54] = {-40,4.36848,-42.3875, -1,0,0, 0,0.543242,-0.839576, 0,-0.839576,-0.543242},
            [55] = {-40,4.222,-42.5, -1,0,0, 0,0.444016,-0.896019, 0,-0.896019,-0.444016},
            [56] = {-40,4.05598,-42.6125, -1,0,0, 0,0.349047,-0.937105, 0,-0.937105,-0.349047},
            [57] = {-40,3.87044,-42.725, -1,0,0, 0,0.261646,-0.965164, 0,-0.965164,-0.261646},
            [58] = {-40,3.66536,-42.8375, -1,0,0, 0,0.184416,-0.982848, 0,-0.982848,-0.184416},
            [59] = {-40,3.44075,-42.95, -1,0,0, 0,0.119285,-0.99286, 0,-0.99286,-0.119285},
            [60] = {-40,3.19661,-43.0625, -1,0,0, 0,0.0675864,-0.997713, 0,-0.997713,-0.0675864},
            [61] = {-40,2.93294,-43.175, -1,0,0, 0,0.0301779,-0.999545, 0,-0.999545,-0.0301779},
            [62] = {-40,2.64973,-43.2875, -1,0,0, 0,0.00756371,-0.999971, 0,-0.999971,-0.00756371},
            [63] = {-40,2.347,-43.4, -1,0,-0, 0,-4.37114e-08,-1, 0,-1,4.37114e-08},
            [64] = {-40,2.347,-43.4, -1,0,-0, 0,-4.37114e-08,-1, 0,-1,4.37114e-08},
            [65] = {-40,2.347,-43.4, -1,0,-0, 0,-4.37114e-08,-1, 0,-1,4.37114e-08},
            [66] = {-40,2.347,-43.4, -1,0,-0, 0,-4.37114e-08,-1, 0,-1,4.37114e-08},
            [67] = {-40,2.347,-43.4, -1,0,-0, 0,-4.37114e-08,-1, 0,-1,4.37114e-08},
            [68] = {-40,2.347,-43.4, -1,0,-0, 0,-4.37114e-08,-1, 0,-1,4.37114e-08},
            [69] = {-40,2.347,-43.4, -1,0,-0, 0,-4.37114e-08,-1, 0,-1,4.37114e-08},
        },
    },
    easings = {
        ["Stuntman"] = {
        },
    },
}