return {
    fps = 12,
    frames = {
        [1] = {cf = {-40,6.347,-37.5, 1,0,-0, -0,1,-0, 0,0,1}, fov = 30, cut = false, easing = "Linear"},
        [2] = {cf = {-40,6.347,-37.5, 1,0,-0, -0,1,-0, 0,0,1}, fov = 30, cut = false, easing = "Linear"},
        [3] = {cf = {-40,6.647,-36, 1,0,-0, -0,0.997199,0.07479, 0,-0.07479,0.997199}, fov = 45, cut = false, easing = "Linear"},
        [4] = {cf = {-40,6.747,-34.5, 1,0,-0, -0,0.997366,0.0725357, 0,-0.0725357,0.997366}, fov = 55, cut = false, easing = "Linear"},
        [5] = {cf = {-40,6.847,-33, 1,0,-0, -0,0.997459,0.071247, 0,-0.071247,0.997459}, fov = 60, cut = false, easing = "Linear"},
        [6] = {cf = {-35.0503,6.847,-35.0503, 0.707107,-0.0503793,0.70531, 0,0.997459,0.071247, -0.707107,-0.0503793,0.70531}, fov = 60, cut = false, easing = "Linear"},
        [7] = {cf = {-33,6.847,-40, -0,-0.071247,0.997459, 0,0.997459,0.071247, -1,0,-0}, fov = 60, cut = false, easing = "Linear"},
        [8] = {cf = {-35.0503,6.847,-44.9497, -0.707107,-0.0503793,0.70531, 0,0.997459,0.071247, -0.707107,0.0503793,-0.70531}, fov = 60, cut = true, easing = "Linear"},
        [9] = {cf = {-40,6.847,-47, -1,0,-0, 0,0.997459,0.071247, 0,0.071247,-0.997459}, fov = 60, cut = false, easing = "Linear"},
        [10] = {cf = {-44.9497,6.847,-44.9497, -0.707107,0.0503793,-0.70531, 0,0.997459,0.071247, 0.707107,0.0503793,-0.70531}, fov = 60, cut = false, easing = "Linear"},
        [11] = {cf = {-47,6.847,-40, -0,0.071247,-0.997459, 0,0.997459,0.071247, 1,0,-0}, fov = 60, cut = false, easing = "Linear"},
        [12] = {cf = {-44.9497,6.847,-35.0503, 0.707107,0.0503793,-0.70531, -0,0.997459,0.071247, 0.707107,-0.0503793,0.70531}, fov = 60, cut = false, easing = "Linear"},
        [13] = {cf = {-40,6.847,-33, 1,0,-0, -0,0.997459,0.071247, 0,-0.071247,0.997459}, fov = 60, cut = false, easing = "Linear"},
        [14] = {cf = {-34,7.847,-32, 0.8,-0.145521,0.582085, 0,0.970142,0.242536, -0.6,-0.194028,0.776114}, fov = 60, cut = false, easing = "Linear"},
        [15] = {cf = {-34,7.847,-32, 0.8,-0.145521,0.582085, 0,0.970142,0.242536, -0.6,-0.194028,0.776114}, fov = 60, cut = false, easing = "Linear"},
        [16] = {cf = {-34,7.847,-32, 0.8,-0.145521,0.582085, 0,0.970142,0.242536, -0.6,-0.194028,0.776114}, fov = 60, cut = false, easing = "Linear"},
        [17] = {cf = {-34,7.847,-32, 0.8,-0.145521,0.582085, 0,0.970142,0.242536, -0.6,-0.194028,0.776114}, fov = 60, cut = false, easing = "Linear"},
        [18] = {cf = {-34,7.847,-32, 0.8,-0.145521,0.582085, 0,0.970142,0.242536, -0.6,-0.194028,0.776114}, fov = 60, cut = false, easing = "Linear"},
        [19] = {cf = {-34,7.847,-32, 0.8,-0.145521,0.582085, 0,0.970142,0.242536, -0.6,-0.194028,0.776114}, fov = 60, cut = false, easing = "Linear"},
        [20] = {cf = {-34,7.847,-32, 0.8,-0.145521,0.582085, 0,0.970142,0.242536, -0.6,-0.194028,0.776114}, fov = 60, cut = false, easing = "Linear"},
        [21] = {cf = {-34,7.847,-32, 0.8,-0.145521,0.582085, 0,0.970142,0.242536, -0.6,-0.194028,0.776114}, fov = 60, cut = false, easing = "Linear"},
        [22] = {cf = {-34,7.847,-32, 0.8,-0.145521,0.582085, 0,0.970142,0.242536, -0.6,-0.194028,0.776114}, fov = 60, cut = false, easing = "Linear"},
        [23] = {cf = {-34,7.847,-32, 0.8,-0.145521,0.582085, 0,0.970142,0.242536, -0.6,-0.194028,0.776114}, fov = 60, cut = false, easing = "Linear"},
        [24] = {cf = {-34,7.847,-32, 0.8,-0.145521,0.582085, 0,0.970142,0.242536, -0.6,-0.194028,0.776114}, fov = 60, cut = false, easing = "Linear"},
        [25] = {cf = {-34,7.847,-32, 0.8,-0.145521,0.582085, 0,0.970142,0.242536, -0.6,-0.194028,0.776114}, fov = 60, cut = false, easing = "Linear"},
        [26] = {cf = {-34,7.847,-32, 0.8,-0.145521,0.582085, 0,0.970142,0.242536, -0.6,-0.194028,0.776114}, fov = 60, cut = false, easing = "Linear"},
        [27] = {cf = {-34,7.847,-32, 0.8,-0.145521,0.582085, 0,0.970142,0.242536, -0.6,-0.194028,0.776114}, fov = 60, cut = false, easing = "Linear"},
        [28] = {cf = {-34,7.847,-32, 0.8,-0.145521,0.582085, 0,0.970142,0.242536, -0.6,-0.194028,0.776114}, fov = 60, cut = false, easing = "Linear"},
        [29] = {cf = {-34,7.847,-32, 0.8,-0.145521,0.582085, 0,0.970142,0.242536, -0.6,-0.194028,0.776114}, fov = 60, cut = false, easing = "Linear"},
        [30] = {cf = {-34,7.847,-32, 0.8,-0.145521,0.582085, 0,0.970142,0.242536, -0.6,-0.194028,0.776114}, fov = 60, cut = false, easing = "Linear"},
        [31] = {cf = {-34,7.847,-32, 0.8,-0.145521,0.582085, 0,0.970142,0.242536, -0.6,-0.194028,0.776114}, fov = 60, cut = false, easing = "Linear"},
        [32] = {cf = {-34,7.847,-32, 0.8,-0.145521,0.582085, 0,0.970142,0.242536, -0.6,-0.194028,0.776114}, fov = 60, cut = false, easing = "Linear"},
        [33] = {cf = {-34,7.847,-32, 0.8,-0.145521,0.582085, 0,0.970142,0.242536, -0.6,-0.194028,0.776114}, fov = 60, cut = false, easing = "Linear"},
        [34] = {cf = {-34,7.847,-32, 0.8,-0.145521,0.582085, 0,0.970142,0.242536, -0.6,-0.194028,0.776114}, fov = 60, cut = false, easing = "Linear"},
        [35] = {cf = {-34,7.847,-32, 0.8,-0.145521,0.582085, 0,0.970142,0.242536, -0.6,-0.194028,0.776114}, fov = 60, cut = false, easing = "Linear"},
        [36] = {cf = {-34,7.847,-32, 0.8,-0.145521,0.582085, 0,0.970142,0.242536, -0.6,-0.194028,0.776114}, fov = 60, cut = false, easing = "Linear"},
        [37] = {cf = {-34,7.847,-32, 0.8,-0.145521,0.582085, 0,0.970142,0.242536, -0.6,-0.194028,0.776114}, fov = 60, cut = false, easing = "Linear"},
        [38] = {cf = {-34,7.847,-32, 0.8,-0.145521,0.582085, 0,0.970142,0.242536, -0.6,-0.194028,0.776114}, fov = 60, cut = false, easing = "Linear"},
        [39] = {cf = {-34,7.847,-32, 0.8,-0.145521,0.582085, 0,0.970142,0.242536, -0.6,-0.194028,0.776114}, fov = 60, cut = false, easing = "Linear"},
        [40] = {cf = {-34,7.847,-32, 0.8,-0.145521,0.582085, 0,0.970142,0.242536, -0.6,-0.194028,0.776114}, fov = 60, cut = false, easing = "Linear"},
        [41] = {cf = {-34,7.847,-32, 0.8,-0.145521,0.582085, 0,0.970142,0.242536, -0.6,-0.194028,0.776114}, fov = 60, cut = false, easing = "Linear"},
        [42] = {cf = {-34,7.847,-32, 0.8,-0.145521,0.582085, 0,0.970142,0.242536, -0.6,-0.194028,0.776114}, fov = 60, cut = false, easing = "Linear"},
        [43] = {cf = {-34,7.847,-32, 0.8,-0.145521,0.582085, 0,0.970142,0.242536, -0.6,-0.194028,0.776114}, fov = 60, cut = false, easing = "Linear"},
        [44] = {cf = {-34,7.847,-32, 0.8,-0.145521,0.582085, 0,0.970142,0.242536, -0.6,-0.194028,0.776114}, fov = 60, cut = false, easing = "Linear"},
        [45] = {cf = {-34,7.847,-32, 0.8,-0.145521,0.582085, 0,0.970142,0.242536, -0.6,-0.194028,0.776114}, fov = 60, cut = false, easing = "Linear"},
        [46] = {cf = {-34,7.847,-32, 0.8,-0.145521,0.582085, 0,0.970142,0.242536, -0.6,-0.194028,0.776114}, fov = 60, cut = false, easing = "Linear"},
        [47] = {cf = {-34,7.847,-32, 0.8,-0.145521,0.582085, 0,0.970142,0.242536, -0.6,-0.194028,0.776114}, fov = 60, cut = false, easing = "Linear"},
        [48] = {cf = {-34,7.847,-32, 0.8,-0.145521,0.582085, 0,0.970142,0.242536, -0.6,-0.194028,0.776114}, fov = 60, cut = false, easing = "Linear"},
        [49] = {cf = {-34,7.847,-32, 0.8,-0.145521,0.582085, 0,0.970142,0.242536, -0.6,-0.194028,0.776114}, fov = 60, cut = false, easing = "Linear"},
        [50] = {cf = {-34,7.847,-32, 0.8,-0.145521,0.582085, 0,0.970142,0.242536, -0.6,-0.194028,0.776114}, fov = 60, cut = false, easing = "Linear"},
        [51] = {cf = {-34,7.847,-32, 0.8,-0.145521,0.582085, 0,0.970142,0.242536, -0.6,-0.194028,0.776114}, fov = 60, cut = false, easing = "Linear"},
        [52] = {cf = {-34,7.847,-32, 0.8,-0.145521,0.582085, 0,0.970142,0.242536, -0.6,-0.194028,0.776114}, fov = 60, cut = false, easing = "Linear"},
        [53] = {cf = {-34,7.847,-32, 0.8,-0.145521,0.582085, 0,0.970142,0.242536, -0.6,-0.194028,0.776114}, fov = 60, cut = false, easing = "Linear"},
        [54] = {cf = {-34,7.847,-32, 0.8,-0.145521,0.582085, 0,0.970142,0.242536, -0.6,-0.194028,0.776114}, fov = 60, cut = false, easing = "Linear"},
        [55] = {cf = {-34,7.847,-32, 0.8,-0.145521,0.582085, 0,0.970142,0.242536, -0.6,-0.194028,0.776114}, fov = 60, cut = false, easing = "Linear"},
        [56] = {cf = {-34,7.847,-32, 0.8,-0.145521,0.582085, 0,0.970142,0.242536, -0.6,-0.194028,0.776114}, fov = 60, cut = false, easing = "Linear"},
        [57] = {cf = {-34,7.847,-32, 0.8,-0.145521,0.582085, 0,0.970142,0.242536, -0.6,-0.194028,0.776114}, fov = 60, cut = false, easing = "Linear"},
        [58] = {cf = {-34,7.847,-32, 0.8,-0.145521,0.582085, 0,0.970142,0.242536, -0.6,-0.194028,0.776114}, fov = 60, cut = false, easing = "Linear"},
        [59] = {cf = {-34,7.847,-32, 0.8,-0.145521,0.582085, 0,0.970142,0.242536, -0.6,-0.194028,0.776114}, fov = 60, cut = false, easing = "Linear"},
        [60] = {cf = {-34,7.847,-32, 0.8,-0.145521,0.582085, 0,0.970142,0.242536, -0.6,-0.194028,0.776114}, fov = 60, cut = false, easing = "Linear"},
        [61] = {cf = {-34,7.847,-32, 0.8,-0.145521,0.582085, 0,0.970142,0.242536, -0.6,-0.194028,0.776114}, fov = 60, cut = false, easing = "Linear"},
        [62] = {cf = {-34,7.847,-32, 0.8,-0.145521,0.582085, 0,0.970142,0.242536, -0.6,-0.194028,0.776114}, fov = 60, cut = false, easing = "Linear"},
        [63] = {cf = {-34,7.847,-32, 0.8,-0.145521,0.582085, 0,0.970142,0.242536, -0.6,-0.194028,0.776114}, fov = 60, cut = false, easing = "Linear"},
        [64] = {cf = {-34,7.847,-32, 0.8,-0.145521,0.582085, 0,0.970142,0.242536, -0.6,-0.194028,0.776114}, fov = 60, cut = false, easing = "Linear"},
        [65] = {cf = {-34,7.847,-32, 0.8,-0.145521,0.582085, 0,0.970142,0.242536, -0.6,-0.194028,0.776114}, fov = 60, cut = false, easing = "Linear"},
        [66] = {cf = {-34,7.847,-32, 0.8,-0.145521,0.582085, 0,0.970142,0.242536, -0.6,-0.194028,0.776114}, fov = 60, cut = false, easing = "Linear"},
        [67] = {cf = {-34,7.847,-32, 0.8,-0.145521,0.582085, 0,0.970142,0.242536, -0.6,-0.194028,0.776114}, fov = 60, cut = false, easing = "Linear"},
        [68] = {cf = {-34,7.847,-32, 0.8,-0.145521,0.582085, 0,0.970142,0.242536, -0.6,-0.194028,0.776114}, fov = 60, cut = false, easing = "Linear"},
        [69] = {cf = {-34,7.847,-32, 0.8,-0.145521,0.582085, 0,0.970142,0.242536, -0.6,-0.194028,0.776114}, fov = 60, cut = false, easing = "Linear"},
    },
}