return {
    fps = 10,
    frames = {
        [1] = {cf = {31,6.5,-30, 0.613941,0.113254,-0.781185, 0,0.989654,0.143478, 0.789352,-0.0880868,0.607589}, fov = 60, cut = false, easing = "Linear"},
        [2] = {cf = {31,6.5,-30, 0.613941,0.113254,-0.781185, 0,0.989654,0.143478, 0.789352,-0.0880868,0.607589}, fov = 60, cut = false, easing = "Linear"},
        [3] = {cf = {31,6.5,-30, 0.613941,0.113254,-0.781185, 0,0.989654,0.143478, 0.789352,-0.0880868,0.607589}, fov = 60, cut = false, easing = "Linear"},
        [4] = {cf = {31,6.5,-30, 0.613941,0.113254,-0.781185, 0,0.989654,0.143478, 0.789352,-0.0880868,0.607589}, fov = 60, cut = false, easing = "Linear"},
        [5] = {cf = {31,6.5,-30, 0.613941,0.113254,-0.781185, 0,0.989654,0.143478, 0.789352,-0.0880868,0.607589}, fov = 60, cut = false, easing = "Linear"},
        [6] = {cf = {31,6.5,-30, 0.613941,0.113254,-0.781185, 0,0.989654,0.143478, 0.789352,-0.0880868,0.607589}, fov = 60, cut = false, easing = "Linear"},
        [7] = {cf = {31,6.5,-30, 0.613941,0.113254,-0.781185, 0,0.989654,0.143478, 0.789352,-0.0880868,0.607589}, fov = 60, cut = false, easing = "Linear"},
        [8] = {cf = {37,6,-30.5, 0.759257,-0.04885,-0.648955, 0,0.997179,-0.0750625, 0.650791,0.0569917,0.757115}, fov = 45, cut = true, easing = "EaseOut"},
        [9] = {cf = {37,6,-30.5, 0.759257,-0.04885,-0.648955, 0,0.997179,-0.0750625, 0.650791,0.0569917,0.757115}, fov = 45, cut = false, easing = "Linear"},
        [10] = {cf = {37,6,-30.5, 0.759257,-0.04885,-0.648955, 0,0.997179,-0.0750625, 0.650791,0.0569917,0.757115}, fov = 45, cut = false, easing = "Linear"},
        [11] = {cf = {37,6,-30.5, 0.759257,-0.04885,-0.648955, 0,0.997179,-0.0750625, 0.650791,0.0569917,0.757115}, fov = 45, cut = false, easing = "Linear"},
        [12] = {cf = {31,6.5,-30, 0.613941,0.113254,-0.781185, 0,0.989654,0.143478, 0.789352,-0.0880868,0.607589}, fov = 60, cut = false, easing = "Linear"},
        [13] = {cf = {31,6.5,-30, 0.613941,0.113254,-0.781185, 0,0.989654,0.143478, 0.789352,-0.0880868,0.607589}, fov = 60, cut = false, easing = "Linear"},
        [14] = {cf = {31,6.5,-30, 0.613941,0.113254,-0.781185, 0,0.989654,0.143478, 0.789352,-0.0880868,0.607589}, fov = 60, cut = false, easing = "Linear"},
        [15] = {cf = {31,6.5,-30, 0.613941,0.113254,-0.781185, 0,0.989654,0.143478, 0.789352,-0.0880868,0.607589}, fov = 60, cut = false, easing = "Linear"},
        [16] = {cf = {31,6.5,-30, 0.613941,0.113254,-0.781185, 0,0.989654,0.143478, 0.789352,-0.0880868,0.607589}, fov = 60, cut = false, easing = "Linear"},
    },
}