return {
    fps = 10,
    props = {
        ["Crate"] = {
            [1] = {38.5,3.447,-40, -1,0,0, 0,1,0, 0,0,-1},
            [2] = {38.5,3.56158,-39.3502, -1,0,0, 0,0.939693,-0.34202, 0,-0.34202,-0.939693},
            [3] = {38.5,4.0035,-38.6565, -1,0,0, 0,0.707107,-0.707107, 0,-0.707107,-0.707107},
            [4] = {38.5,4.69716,-38.2146, -1,0,0, 0,0.34202,-0.939693, 0,-0.939693,-0.34202},
            [5] = {38.5,5.347,-38.1, -1,0,0, 0,-4.37114e-08,-1, 0,-1,4.37114e-08},
            [6] = {38.5,5.67693,-38.1289, -1,0,0, 0,-0.173648,-0.984808, 0,-0.984808,0.173648},
            [7] = {38.995,6.46905,-37.4263, -1,0,0, 0,-0.173648,-0.984808, 0,-0.984808,0.173648},
            [8] = {39.49,6.56118,-36.7238, -1,0,0, 0,-0.173648,-0.984808, 0,-0.984808,0.173648},
            [9] = {40,5.047,-36, 1,0,0, 0,1,0, 0,0,1},
            [10] = {40,4.997,-35.6, 1,0,0, 0,1,0, 0,0,1},
            [11] = {40,4.947,-35.3, 1,0,0, 0,1,0, 0,0,1},
            [12] = {40,4.947,-35.3, 1,0,0, 0,1,0, 0,0,1},
            [13] = {40,4.947,-35.3, 1,0,0, 0,1,0, 0,0,1},
            [14] = {40,4.947,-35.3, 1,0,0, 0,1,0, 0,0,1},
            [15] = {40,4.947,-35.3, 1,0,0, 0,1,0, 0,0,1},
            [16] = {40,4.947,-35.3, 1,0,0, 0,1,0, 0,0,1},
        },
    },
    easings = {
        ["Crate"] = {
            [8] = "EaseOut",
        },
    },
}